# Koga results: (mu, nu, la, denom) - do not remove minus signs here
koga_1_5_mu:      3214648723397092084
koga_1_5_nu:      1646995686930432837306
koga_1_5_la:      91522768044989658195
koga_1_5_denom:   3076979551468152422400000

koga_2_mu:        18604521
koga_2_nu:        -82758048
koga_2_la:        129273554
koga_2_denom:     5138022400

koga_3_mu:        36052814083126422740
koga_3_nu:        -176028114277347622010
koga_3_la:        287126525350219384887
koga_3_denom:     152769160756403896320000

koga_4_mu:        1
koga_4_nu:        1
koga_4_la:        1
koga_4_denom:     1

# Lam results: (a, b, c ...) - remove all minus signs here and compensate later
lam_1_5_a:      22973.4985557602266619427492945
lam_1_5_b:      28593.7042944068864775129139834
lam_1_5_c:      35920.9438067482684683850866605
lam_1_5_d:      35970.0067626467559813040863878
lam_1_5_e:      33459.8776620620398467128998918
lam_1_5_f:      42250.1284261502151881160627356
lam_1_5_g:      49770.2872895085381091211911294

lam_2_a:        18604521
lam_2_b:        41379024
lam_2_c:        92064512

lam_3_a:        36052814083126422740
lam_3_b:        124066871221800233745
lam_3_c:        427101825544440584157

lam_4_a:        1.290249294643517e-05
lam_4_b:        6.0074698994905354e-05
lam_4_c:        9.480000447372665e-05
lam_4_d:        0.0002798033970269736
lam_4_e:        0.0004415883619644383
lam_4_f:        0.0006969445768607373

# computed result has minus sign:
#       lam_1_5_b, lam_1_5_d
#       lam_4_b, lam_4_e
#       lam_2_c
